-1.000
-0.984
-0.969
-0.953
-0.937
-0.921
-0.906
-0.890
-0.874
-0.858
-0.843
-0.827
-0.811
-0.795
-0.780
-0.764
-0.748
-0.732
-0.717
-0.701
-0.685
-0.669
-0.654
-0.638
-0.622
-0.606
-0.591
-0.575
-0.559
-0.543
-0.528
-0.512
-0.496
-0.480
-0.465
-0.449
-0.433
-0.417
-0.402
-0.386
-0.370
-0.354
-0.339
-0.323
-0.307
-0.291
-0.276
-0.260
-0.244
-0.228
-0.213
-0.197
-0.181
-0.165
-0.150
-0.134
-0.118
-0.102
-0.087
-0.071
-0.055
-0.039
-0.024
-0.008
0.008
0.024
0.039
0.055
0.071
0.087
0.102
0.118
0.134
0.150
0.165
0.181
0.197
0.213
0.228
0.244
0.260
0.276
0.291
0.307
0.323
0.339
0.354
0.370
0.386
0.402
0.417
0.433
0.449
0.465
0.480
0.496
0.512
0.528
0.543
0.559
0.575
0.591
0.606
0.622
0.638
0.654
0.669
0.685
0.701
0.717
0.732
0.748
0.764
0.780
0.795
0.811
0.827
0.843
0.858
0.874
0.890
0.906
0.921
0.937
0.953
0.969
0.984
1.000
