0.000
0.002
0.004
0.006
0.008
0.010
0.012
0.014
0.016
0.018
0.020
0.022
0.023
0.025
0.027
0.029
0.031
0.033
0.035
0.037
0.039
0.041
0.043
0.045
0.047
0.049
0.051
0.053
0.055
0.057
0.059
0.061
0.063
0.065
0.067
0.068
0.070
0.072
0.074
0.076
0.078
0.080
0.082
0.084
0.086
0.088
0.090
0.092
0.094
0.096
0.098
0.100
0.102
0.104
0.106
0.108
0.110
0.112
0.114
0.115
0.117
0.119
0.121
0.123
0.125
0.127
0.129
0.131
0.133
0.135
0.137
0.139
0.141
0.143
0.145
0.147
0.149
0.151
0.153
0.155
0.157
0.159
0.160
0.162
0.164
0.166
0.168
0.170
0.172
0.174
0.176
0.178
0.180
0.182
0.184
0.186
0.188
0.190
0.192
0.194
0.196
0.198
0.200
0.202
0.204
0.205
0.207
0.209
0.211
0.213
0.215
0.217
0.219
0.221
0.223
0.225
0.227
0.229
0.231
0.233
0.235
0.237
0.239
0.241
0.243
0.245
0.247
0.249
0.250
0.252
0.254
0.256
0.258
0.260
0.262
0.264
0.266
0.268
0.270
0.272
0.274
0.276
0.278
0.280
0.282
0.284
0.286
0.288
0.290
0.292
0.294
0.295
0.297
0.299
0.301
0.303
0.305
0.307
0.309
0.311
0.313
0.315
0.317
0.319
0.321
0.323
0.325
0.327
0.329
0.331
0.333
0.335
0.337
0.339
0.341
0.342
0.344
0.346
0.348
0.350
0.352
0.354
0.356
0.358
0.360
0.362
0.364
0.366
0.368
0.370
0.372
0.374
0.376
0.378
0.380
0.382
0.384
0.386
0.387
0.389
0.391
0.393
0.395
0.397
0.399
0.401
0.403
0.405
0.407
0.409
0.411
0.413
0.415
0.417
0.419
0.421
0.423
0.425
0.427
0.429
0.431
0.432
0.434
0.436
0.438
0.440
0.442
0.444
0.446
0.448
0.450
0.452
0.454
0.456
0.458
0.460
0.462
0.464
0.466
0.468
0.470
0.472
0.474
0.476
0.477
0.479
0.481
0.483
0.485
0.487
0.489
0.491
0.493
0.495
0.497
0.499
0.501
0.503
0.505
0.507
0.509
0.511
0.513
0.515
0.517
0.519
0.521
0.523
0.524
0.526
0.528
0.530
0.532
0.534
0.536
0.538
0.540
0.542
0.544
0.546
0.548
0.550
0.552
0.554
0.556
0.558
0.560
0.562
0.564
0.566
0.568
0.569
0.571
0.573
0.575
0.577
0.579
0.581
0.583
0.585
0.587
0.589
0.591
0.593
0.595
0.597
0.599
0.601
0.603
0.605
0.607
0.609
0.611
0.613
0.614
0.616
0.618
0.620
0.622
0.624
0.626
0.628
0.630
0.632
0.634
0.636
0.638
0.640
0.642
0.644
0.646
0.648
0.650
0.652
0.654
0.656
0.658
0.659
0.661
0.663
0.665
0.667
0.669
0.671
0.673
0.675
0.677
0.679
0.681
0.683
0.685
0.687
0.689
0.691
0.693
0.695
0.697
0.699
0.701
0.703
0.705
0.706
0.708
0.710
0.712
0.714
0.716
0.718
0.720
0.722
0.724
0.726
0.728
0.730
0.732
0.734
0.736
0.738
0.740
0.742
0.744
0.746
0.748
0.750
0.751
0.753
0.755
0.757
0.759
0.761
0.763
0.765
0.767
0.769
0.771
0.773
0.775
0.777
0.779
0.781
0.783
0.785
0.787
0.789
0.791
0.793
0.795
0.796
0.798
0.800
0.802
0.804
0.806
0.808
0.810
0.812
0.814
0.816
0.818
0.820
0.822
0.824
0.826
0.828
0.830
0.832
0.834
0.836
0.838
0.840
0.841
0.843
0.845
0.847
0.849
0.851
0.853
0.855
0.857
0.859
0.861
0.863
0.865
0.867
0.869
0.871
0.873
0.875
0.877
0.879
0.881
0.883
0.885
0.886
0.888
0.890
0.892
0.894
0.896
0.898
0.900
0.902
0.904
0.906
0.908
0.910
0.912
0.914
0.916
0.918
0.920
0.922
0.924
0.926
0.928
0.930
0.932
0.933
0.935
0.937
0.939
0.941
0.943
0.945
0.947
0.949
0.951
0.953
0.955
0.957
0.959
0.961
0.963
0.965
0.967
0.969
0.971
0.973
0.975
0.977
0.978
0.980
0.982
0.984
0.986
0.988
0.990
0.992
0.994
0.996
0.998
1.000
